10 30 17 70 15 5 20 48 57 61 4 40 51 3 37 55 19 28 12 1 13 26 33 50 14 29 41 23 22 52 69 27 45 68 38 9 2 47 59 64 24 11 58 44 60 16 39 36 54 67 46 25 62 66 6 34 21 18 56 65 63 43 32 53 31 49 7 8 42 35
400.740000 697.910000 0.140000 5569.990000
91.390000 2.290000 0.190000 5291.390000
841.810000 138.840000 0.150000 4475.220000
193.270000 425.390000 0.180000 4322.810000
804.980000 232.540000 0.190000 4137.560000
579.080000 435.160000 0.080000 7224.930000
399.800000 781.580000 0.140000 6816.310000
540.890000 365.950000 0.260000 4016.020000
656.220000 291.550000 0.300000 610.960000
613.990000 162.950000 0.090000 6011.420000
570.750000 921.680000 0.330000 2148.850000
292.770000 898.150000 0.170000 2423.180000
794.610000 831.870000 0.270000 5034.400000
963.610000 529.650000 0.340000 4093.190000
820.350000 397.710000 0.250000 5717.390000
536.960000 493.350000 0.250000 2061.630000
68.260000 691.060000 0.260000 5167.770000
203.010000 110.390000 0.190000 6047.900000
953.890000 829.710000 0.150000 560.640000
703.540000 485.820000 0.130000 7746.160000
979.300000 654.250000 0.210000 6920.120000
148.640000 582.190000 0.180000 3939.450000
296.620000 115.380000 0.150000 6100.610000
495.160000 618.740000 0.100000 7444.320000
920.370000 839.860000 0.410000 1921.750000
20.630000 508.750000 0.170000 3629.390000
760.420000 158.240000 0.240000 6010.950000
570.600000 291.320000 0.230000 6704.790000
109.480000 260.090000 0.140000 7377.470000
845.590000 699.220000 0.260000 6734.010000
909.140000 786.560000 0.120000 1997.470000
229.520000 191.870000 0.190000 6571.180000
979.950000 270.670000 0.270000 2521.540000
478.020000 831.280000 0.100000 3650.930000
852.680000 411.860000 0.360000 2706.960000
342.670000 935.570000 0.320000 1845.870000
139.430000 920.400000 0.040000 1248.080000
922.930000 114.090000 0.030000 5786.810000
485.830000 802.070000 0.330000 1954.400000
982.240000 919.770000 0.060000 5545.150000
357.300000 795.330000 0.190000 2661.810000
248.060000 343.030000 0.370000 4763.230000
58.240000 945.120000 0.340000 4136.200000
91.190000 342.850000 0.350000 4253.770000
176.490000 107.170000 0.220000 7279.500000
568.360000 129.670000 0.110000 7217.070000
219.660000 839.650000 0.250000 998.140000
378.310000 475.650000 0.170000 4770.470000
370.960000 705.840000 0.250000 4875.810000
938.760000 708.220000 0.010000 3916.940000
432.350000 557.880000 0.200000 1686.010000
979.750000 601.200000 0.290000 3565.280000
931.100000 655.870000 0.090000 4430.630000
235.820000 781.940000 0.310000 1230.170000
223.870000 635.830000 0.120000 2606.370000
891.570000 587.310000 0.160000 1995.570000
634.700000 501.940000 0.380000 5655.230000
175.640000 131.640000 0.060000 5992.030000
388.910000 254.170000 0.290000 6070.000000
282.480000 760.610000 0.180000 6257.950000
625.390000 387.460000 0.200000 6964.490000
637.180000 858.410000 0.210000 5805.640000
50.800000 123.020000 0.180000 6196.710000
419.800000 593.820000 0.260000 4581.060000
482.270000 944.720000 0.180000 5483.850000
788.370000 380.140000 0.250000 4958.230000
459.770000 181.400000 0.190000 7180.370000
964.640000 92.950000 0.300000 2000.230000
479.680000 973.110000 0.290000 802.540000
631.960000 802.720000 0.090000 1084.820000